1.0 0.45341811057987724 
2.0 0.45019831666645393 
3.0 0.4491555088793212 
4.0 0.4491555088793212 
5.0 0.44658245537334407 
6.0 0.44642627591276246 
7.0 0.44642627591276246 
8.0 0.44475123403671557 
9.0 0.44475123403671557 
10.0 0.44475123403671557 
11.0 0.42564990868427854 
12.0 0.42541729920216637 
13.0 0.4237665853376166 
14.0 0.4190469303359645 
15.0 0.4186214560422073 
16.0 0.4173256084130759 
17.0 0.4034226945902088 
18.0 0.39496036298820003 
19.0 0.36147200193412143 
20.0 0.3558526318994004 
21.0 0.33867739783790657 
22.0 0.29257052437870584 
23.0 0.26692927986601794 
24.0 0.2333683403985466 
25.0 0.2238612958592614 
26.0 0.21707582766521402 
27.0 0.21476855170025297 
28.0 0.20962474144055765 
29.0 0.20375035151409232 
30.0 0.18201699125483647 
31.0 0.1712392548057739 
32.0 0.17093346462665457 
33.0 0.16143972603804654 
34.0 0.15857392924500774 
35.0 0.1585739292450078 
36.0 0.15857392924500777 
37.0 0.15857392924500777 
38.0 0.15857392924500777 
39.0 0.15857392924500774 
40.0 0.15857392924500774 
41.0 0.15814905768966483 
42.0 0.15814905768966483 
43.0 0.15660713655956116 
44.0 0.15583458337597436 
45.0 0.15422963191863168 
46.0 0.1538731950634467 
47.0 0.15288615324711774 
48.0 0.15288615324711777 
49.0 0.15288615324711777 
50.0 0.14793344978938716 
51.0 0.1281206423234284 
52.0 0.09398905163591707 
53.0 0.06641875271495193 
54.0 0.05473322650041454 
55.0 0.03888274247717898 
56.0 0.02262623068878645 
57.0 0.019842629412168168 
58.0 0.019210395323254047 
59.0 0.01921039532325404 
60.0 0.01860623497872675 
61.0 0.01753465572751041 
62.0 0.015859613851463512 
63.0 0.015859613851463512 
64.0 0.015859613851463512 
65.0 0.009503370670307633 
66.0 0.009503370670307631 
67.0 0.005949248783718794 
68.0 0.005317014694804667 
69.0 0.005317014694804667 
70.0 0.005317014694804665 
71.0 0.005143810259695385 
72.0 0.005143810259695385 
73.0 0.005143810259695384 
74.0 0.005143810259695384 
75.0 0.005143810259695384 
76.0 0.005143810259695384 
77.0 0.0016750418760469003 
78.0 0.0016750418760469003 
79.0 0.0016750418760469003 
80.0 0.0016750418760469003 
81.0 0.0016750418760469003 
82.0 0.0 
83.0 0.0 
84.0 0.0 
85.0 0.0 
86.0 0.0 
87.0 0.0 
88.0 0.0 
89.0 0.0 
90.0 0.0 
91.0 0.0 
92.0 0.0 
93.0 0.0 
94.0 0.0 
95.0 0.0 
96.0 0.0 
97.0 0.0 
98.0 0.0 
99.0 0.0 
100.0 0.0 
101.0 0.0 
102.0 0.0 
103.0 0.0 
104.0 0.0 
