1.0 11802.05456234604 
2.0 11808.431715534678 
3.0 11817.408190158107 
4.0 11827.629777279371 
5.0 11845.000725635764 
6.0 11855.035834481101 
7.0 11855.035834481101 
8.0 11863.257421602366 
9.0 11863.257421602366 
10.0 11863.257421602366 
11.0 11871.115200495386 
12.0 11881.059051895007 
13.0 11889.309686661969 
14.0 11924.560767075141 
15.0 11944.495925010884 
16.0 11973.613444305522 
17.0 12018.342887928524 
18.0 12120.676322329802 
19.0 12264.67978741385 
20.0 12319.299782320157 
21.0 12349.900488457035 
22.0 12468.61586260811 
23.0 12550.437674993873 
24.0 12643.246545846254 
25.0 12764.775767242863 
26.0 12807.78185382536 
27.0 12845.913314808255 
28.0 12860.214779600708 
29.0 12894.08710651358 
30.0 13041.904455425583 
31.0 13069.92218659048 
32.0 13141.108182965409 
33.0 13272.874878788312 
34.0 13361.447401508865 
35.0 13371.66898863013 
36.0 13371.66898863013 
37.0 13381.890575751395 
38.0 13392.11216287266 
39.0 13392.11216287266 
40.0 13392.11216287266 
41.0 13401.826453356845 
42.0 13401.826453356845 
43.0 13420.428573770032 
44.0 13460.392493753889 
45.0 13519.805704441409 
46.0 13570.488054442641 
47.0 13661.303810605297 
48.0 13661.303810605297 
49.0 13661.303810605297 
50.0 13839.378850859543 
51.0 14296.136953444628 
52.0 14807.349538712026 
53.0 15377.504241954983 
54.0 15843.966318354258 
55.0 16663.21098437423 
56.0 17134.43689111961 
57.0 17427.539297712006 
58.0 17580.108217028814 
59.0 17672.102501120196 
60.0 17957.585573064243 
61.0 18068.743565772205 
62.0 18230.28895971244 
63.0 18271.1753081975 
64.0 18322.283243803824 
65.0 18560.01198035588 
66.0 18600.89832884094 
67.0 18903.3023209463 
68.0 18974.09854329299 
69.0 19086.5360016269 
70.0 19117.200762990695 
71.0 19198.766653865292 
72.0 19290.760937956675 
73.0 19311.204112199204 
74.0 19341.868873563 
75.0 19392.976809169322 
76.0 19403.198396290587 
77.0 19429.721448204305 
78.0 19562.60208078075 
79.0 19603.48842926581 
80.0 19654.596364872134 
81.0 19736.36906184225 
82.0 19775.25541032731 
83.0 19795.69858456984 
84.0 19805.920171691105 
85.0 19805.920171691105 
86.0 19816.14175881237 
87.0 19816.14175881237 
88.0 19816.14175881237 
89.0 19826.363345933634 
90.0 19846.806520176164 
91.0 19846.806520176164 
92.0 19846.806520176164 
93.0 19846.806520176164 
94.0 19846.806520176164 
95.0 19857.02810729743 
96.0 19928.57921714628 
97.0 19928.57921714628 
98.0 19928.57921714628 
99.0 20020.573501237668 
100.0 20051.23826260146 
101.0 20122.789372450316 
102.0 20173.897308056636 
103.0 20306.77794063308 
104.0 20613.425554271023 
