1.0 11789.722181664143 
2.0 11787.877747731516 
3.0 11788.63263523368 
4.0 11790.63263523368 
5.0 11791.560409347543 
6.0 11793.373931071616 
7.0 11793.373931071616 
8.0 11793.373931071616 
9.0 11793.373931071616 
10.0 11793.373931071616 
11.0 11776.566948600841 
12.0 11778.289212879197 
13.0 11778.318260524895 
14.0 11780.682992453007 
15.0 11784.17497614622 
16.0 11788.627734077063 
17.0 11784.027654972477 
18.0 11795.923631039843 
19.0 11791.938527941124 
20.0 11797.229000119842 
21.0 11786.721770650396 
22.0 11765.67016373997 
23.0 11757.05451779182 
24.0 11742.982756067757 
25.0 11757.631344887925 
26.0 11759.529495864097 
27.0 11764.774608361933 
28.0 11762.632898911857 
29.0 11763.61887733967 
30.0 11771.66924519017 
31.0 11766.800627870009 
32.0 11780.435514396084 
33.0 11797.09999052128 
34.0 11811.67822915045 
35.0 11813.67822915045 
36.0 11813.67822915045 
37.0 11815.67822915045 
38.0 11817.67822915045 
39.0 11817.67822915045 
40.0 11817.67822915045 
41.0 11819.17093251337 
42.0 11819.17093251337 
43.0 11821.329878684028 
44.0 11828.407450182825 
45.0 11838.491138142757 
46.0 11848.065552537664 
47.0 11864.887024608937 
48.0 11864.887024608937 
49.0 11864.887024608937 
50.0 11894.973496680417 
51.0 11965.317004566055 
52.0 12032.563885285153 
53.0 12117.644948373487 
54.0 12197.692430073315 
55.0 12342.766952149572 
56.0 12419.356677074245 
57.0 12474.03305714996 
58.0 12503.278169647796 
59.0 12521.278169647796 
60.0 12576.55680219643 
61.0 12597.277336570476 
62.0 12627.277336570476 
63.0 12635.277336570476 
64.0 12645.277336570476 
65.0 12685.687982212177 
66.0 12693.687982212177 
67.0 12749.444360679592 
68.0 12762.689473177428 
69.0 12784.689473177428 
70.0 12790.689473177428 
71.0 12806.482667081906 
72.0 12824.482667081906 
73.0 12828.482667081906 
74.0 12834.482667081906 
75.0 12844.482667081906 
76.0 12846.482667081906 
77.0 12848.34095763183 
78.0 12874.34095763183 
79.0 12882.34095763183 
80.0 12892.34095763183 
81.0 12908.34095763183 
82.0 12914.34095763183 
83.0 12918.34095763183 
84.0 12920.34095763183 
85.0 12920.34095763183 
86.0 12922.34095763183 
87.0 12922.34095763183 
88.0 12922.34095763183 
89.0 12924.34095763183 
90.0 12928.34095763183 
91.0 12928.34095763183 
92.0 12928.34095763183 
93.0 12928.34095763183 
94.0 12928.34095763183 
95.0 12930.34095763183 
96.0 12944.34095763183 
97.0 12944.34095763183 
98.0 12944.34095763183 
99.0 12962.34095763183 
100.0 12968.34095763183 
101.0 12982.34095763183 
102.0 12992.34095763183 
103.0 13018.34095763183 
104.0 13078.34095763183 
